# Camera Intrinsic Parameters
fx: 1000.0
fy: 1000.0
cx: 640.0
cy: 480.0
k1: 0.0
k2: 0.0
p1: 0.0
p2: 0.0
